software            pscf
parameter_file      param_kgrid
output_file         rho_kgrid.in
structure_type  particle

core_monomer        0

coord_input_style   basis
N_particles         30
particle_positions   
    0        0        0 
    0.500    0.500    0.500 
    0.104    0.104    0.500 
    0.896    0.896    0.500 
    0.396    0.604    0 
    0.604    0.396    0 
    0.319    0.319    0.245 
    0.681    0.681    0.245 
    0.181    0.819    0.745 
    0.819    0.181    0.745 
    0.181    0.819    0.255 
    0.819    0.181    0.255 
    0.319    0.319    0.755 
    0.681    0.681    0.755 
    0.571    0.243    0.500 
    0.429    0.757    0.500 
    0.257    0.071    0 
    0.743    0.929    0 
    0.929    0.743    0 
    0.071    0.257    0 
    0.243    0.571    0.500 
    0.757    0.429    0.500 
    0.371    0.031    0.500 
    0.629    0.969    0.500 
    0.469    0.871    0 
    0.531    0.129    0 
    0.129    0.531    0 
    0.871    0.469    0 
    0.031    0.371    0.500 
    0.969    0.629    0.500
    
